2		38534
2		76958
2		32199
-21		74643795710346526_A0
-22		41126717040907303
-22		43752200484183179
-22		41570623385796594
-31		72174
-21		42728121367007755_A0
-21		40589605610719220_A0
-21		41645819673209384_A0
4		35178
-21		42085181942663150_A0
4		77127
4		79466
4		27801
4		48545
2		53619
4		12599
0		88294_B2
-31		9652
4		41297
-31		53015
-21		41558133620871938_A0
-21		43110764298388082_A1
-31		49308
4		10392
-31		48252
-21		42093857776620977_A0
2		28639
2		72578
4		84055
-31		28791
-21		44794820975135995_A0
-31		64359
-31		82653
-31		22056
4		83285
-21		42665874405989210_A0
0		22144_A3
2		85958
4		86463
4		39259
2		51200
4		42382
0		8114_B2
-21		37498320079299132_A0
-21		44279815741645690_A0
-31		14849
-31		71201
2		20843
4		28628
2		80062
0		15243_A1
0		91297_B1
-21		43255066609583175_A0
-21		41715887769671828_A1
-22		43769496317496716
2		62662
-31		10064
-22		41602105496073808
-22		43721676151614544
-31		66220
4		6091
4		50042
2		87030
-31		25326
-21		41236934491639004_A0
4		31427
-21		70399972884873708_A0
2		42715
2		65192
2		39409
2		56459
-21		40673434782418495_A0
2		63446
-21		41698858224345683_A0
-21		44759073962348915_A0
-31		67265
2		51919
4		25483
2		42709
-21		45841942591833078_A0
-22		41241594531177978
2		89296
0		89529_B1
-31		72647
4		84405
4		6204
0		22586_A3
-22		45828074142458559
-31		3333
-22		42309379235533166
-21		71187747196386409_A0
4		33003
4		7378
0		11171_A1
-22		42059090016370608
2		86944
2		32623
4		6481
-22		41003709177554198
4		26612
0		15134_A0
4		17891
-21		39618577929626031_A0
-31		13737
0		84432_A1
4		53017
2		68483
-21		42644025907355403_A0
4		10395
-22		43765789760716564
-31		44903
-21		45309512676033948_A0
-21		44161613946689843_A1
4		77877
2		16841
-21		37498028021534790_A0
2		56919
2		3644
-21		41056335411829670_A2
-22		41007823756219412
4		22257
-21		38540515368501996_A0
4		56369
-21		70364638188960222_A0
4		86017
-22		43722097058412204
0		19491_B2
4		13989
2		33635
4		66363
0		65940_B3
-31		22652
4		64434
2		88664
-22		42177545214401242
4		77074
4		84239
2		44439
2		16595
2		73484
2		81051
4		86255
-21		41105109060445469_A1
-21		43383164009206005_A0
2		1554
2		36862
2		75254
2		4678
2		28179
2		29178
0		49984_B3
4		76037
-22		43769500612450946
2		72110
4		54447
2		190
2		88292
2		42838
-31		47923
2		62494
2		38548
4		9788
4		70149
4		4860
-31		15634
4		38814
-31		62956
2		78348
-31		863
4		66903
2		66212
-31		51427
0		100112_A3
-22		42270595680861052
4		89181
-21		44795065788273709_A0
-21		70360798488190541_A0
-31		31112
0		96033_B0
2		49
-31		73851
2		65442
4		76154
-31		33572
-22		42709854871121837
-21		38536117322016303_A0
-22		41231965214513701
2		34256
-21		44794378593501483_A0
-22		42713827715874708
4		79364
4		65713
-22		40972355916298908
-31		78666
4		41240
-22		42089309406259585
-31		52505
4		54747
4		70833
2		84808
2		74675
2		45545
2		33134
-22		42314434412044747
2		53680
2		72188
4		21039
-31		28285
4		1905
2		85502
-22		43708636630904217
4		58406
2		41680
-21		45859418813763804_A0
4		65530
-22		42098947312876057
2		10765
2		80226
-31		83869
-22		42173147167880522
-21		40106778272207966_A0
-21		42247909663579352_A0
2		25532
4		61645
-21		41702689335165885_A0
4		84571
4		26145
4		71256
-31		40629
0		9067_A1
-31		1902
-21		40625880904517022_A0
-21		41760297731508846_A0
2		45725
4		47000
4		41569
-21		44240800258745529_A1
-31		61180
-22		41210254154828360
2		16444
4		80601
2		71861
2		4401
4		5313
-21		42767720965496874_A0
-21		43188975652857514_A0
4		52853
4		76957
-22		43699960796970639
2		75741
-31		74147
-21		42221555744245323_A2
-31		6100
-31		72909
-31		25626
2		37371
-31		69955
-22		42631226904839732
-21		43360499466771182_A0
-21		38545175408021260_B3
0		6093_A2
-31		77496
2		15452
4		6934
4		77908
-21		41016740108309007_A0
-31		32064
-21		43743391506236659_A0
-31		86682
-22		42696265594599371
2		48261
-31		15501
4		22974
-21		45832326160079671_A0
-22		42309898926582998
0		10099_B2
4		41248
2		4746
-21		41667255854957847_A0
2		74112
4		16727
0		4786_A2
-31		36269
2		67452
-31		9885
0		23200_B2
-31		4822
2		10770
-22		42270200543868233
4		51184
0		19816_B3
2		46890
4		79787
-22		41232527855215998
-21		40652140334559602_A0
-31		35425
0		15109_B0
-21		36433842499749751_A0
4		45163
4		63815
0		18281_A3
-21		43752466772157386_A0
-22		41562102170682742
4		3901
2		43215
-31		78658
-22		42261112393072112
4		88015
-21		40625056270784466_A0
-21		41601955172191372_A1
2		76404
-31		4282
2		63042
4		44209
-31		39478
2		36266
-31		71187
-21		45251792610542415_A0
-22		42288063312865462
2		2910
0		95522_B3
-31		61123
-31		60093
2		7390
-21		42718500640266602_A0
4		8463
0		87795_A1
0		15489_A1
-21		41236092678050559_A0
-22		41623554562748975
0		14042_A2
-31		33518
4		86351
2		85984
2		19773
2		28135
2		15045
4		49615
0		99431_B1
4		43857
-21		43690198336302612_A2
-21		42314430117055713_A0
2		45164
-22		41210533327693892
4		66472
2		34655
0		13567_B0
-22		42072687882819623
-21		70373434281974117_A0
2		44086
4		10551
2		68834
4		75813
-21		41606357513672218_A0
-21		42824740951315810_A0
0		95767_A3
-31		41747
2		32855
-21		42278717464021190_A0
-21		41671641016567656_A0
0		4255_A2
-21		37498869835127342_A0
4		46870
2		84734
-22		40985966667658328
-31		25924
-22		41245855138736581
-22		40973047406031840
-31		4373
2		31719
2		64126
4		31288
-31		59999
-31		24331
4		15477
-31		89501
-31		29899
2		50446
2		61332
4		79814
2		10359
-22		43770192102192535
4		33475
-31		25248
2		20220
-21		40981701765107126_A1
-22		43717574457851949
-31		22699
2		32260
-21		37489111669414825_A0
-31		56265
-31		62248
2		11458
2		84396
2		54360
4		57780
4		45402
-22		44776533004414137
0		14191_A2
-31		30184
-31		40270
-31		49806
4		80277
-21		43725936759176690_A0
4		20268
2		38186
-21		42652688856391979_A0
-22		44191743142285052
-22		41209717283912673
4		80693
2		87737
-31		52722
-31		26529
4		4307
0		17564_B2
4		42510
2		62773
-22		42639499011852914
2		48506
2		62768
4		14702
4		18841
4		30408
2		9246
-31		12662
-31		34289
-22		42081071658985187
-31		26635
2		15256
4		67525
2		3306
4		72317
4		18112
2		12902
2		74148
4		83419
-21		40637958352538698_A0
2		30073
2		44842
-31		76712
-21		69625504382065585_A0
4		85503
2		48678
2		989
4		26777
2		74752
2		14193
2		82886
0		10188_A3
-21		42225674617886876_A0
-21		39944037666394667_A0
-31		26251
-31		5317
2		79557
-22		44183754503124258
-31		18745
2		53565
2		36207
-22		43729806524682344
-22		45845524594584519
-21		41148844712399213_A0
2		79317
-21		37467258875808866_A0
-31		39443
2		39532
0		6411_A3
4		58676
-21		40638654137238526_A0
-22		40998752785290874
-22		42283927259346129
2		78788
-31		71385
4		16036
-31		14100
2		49754
-31		6910
-21		41179489304056463_B0
-22		42709996605045228
-31		51386
-21		44175091554063919_A0
-21		41558000476896575_A0
4		14805
4		43397
-22		43374372211148827
2		50812
-21		43708340278155482_A0
2		14328
2		51415
4		59738
-31		955
4		64506
-31		66935
-21		69577112985553495_A0
0		3446_B2
2		14448
4		82767
0		5234_A1
-22		42168624567317562
2		41933
-21		43712188568836427_A1
2		57882
4		30492
-31		3287
4		18851
0		95522_B1
4		86795
2		78240
-21		40594265650237706_A0
2		61726
2		55993
-21		69626054137897122_A0
-21		43716745529138216_A0
2		81686
2		10212
2		60694
0		6122_B3
-21		41193082875571180_A0
-21		42771010910442743_A0
4		53067
0		84342_B3
-22		41214244179443672
-21		41698321353415180_A0
-21		37489115964402785_A0
2		13945
2		19711
2		79901
-31		89235
-31		63670
2		25998
-22		41016606964348086
4		42192
0		64975_B3
4		71471
2		82670
-21		39601114592576419_A0
4		78732
4		21032
4		88075
-31		45515
4		27370
2		38348
2		88582
-21		41575425159218709_A0
0		9277_B0
-31		13054
2		71441
2		5700
-21		40634402119619233_A0
-21		41201475241669669_A1
0		65940_A3
2		47330
2		61562
-21		42226344632804603_A2
-21		40576948342102228_A0
4		22690
4		63893
-31		82801
-31		85685
-31		5352
-21		42111591696568519_A0
-21		43369858200505728_A0
2		15215
2		3363
2		56923
2		57862
2		66579
2		22273
4		60290
-21		43158751967991990_A0
2		53864
2		31098
4		43709
0		66519_A2
2		49955
-21		41760413695627505_A0
0		25542_A1
2		86636
-21		42143048037046178_A0
-31		22401
-22		42635225519388769
4		32840
-21		40674233646333556_B3
2		6665
2		8718
4		45372
-22		42081226277805658
2		67369
-21		41618739904402934_A0
-21		70405058126183087_A0
-31		35363
4		89671
-22		41219329420720484
-21		41223856316243477_A0
4		31990
4		75181
-21		44240370762010304_A0
-31		17474
-31		77227
-21		41100169848058263_A0
2		56881
-21		41667797020840678_A0
-22		44789709964073503
-31		53401
2		30626
2		8643
2		18526
-31		36293
0		4812_A1
-21		43194069484067227_A0
4		77839
2		38829
0		15018_B1
-31		58214
2		64930
4		75061
-22		41029951427739504
2		6732
0		10210_A0
4		12725
-22		42089446845215428
-31		52393
2		1738
-31		47283
2		61630
4		67045
2		45385
2		31299
2		71214
-21		70391451669759577_A0
2		14034
-21		44209446997486368_A0
2		53557
2		31865
2		49628
-22		43703972296414223
4		59583
4		6131
4		36911
-21		40594128211283774_A0
2		11033
-31		59608
4		64726
0		66108_B1
2		56218
-31		78388
-22		40963963550199224
2		76314
-22		43703963706488134
2		62870
2		86772
-31		39333
-31		44979
4		3350
0		10183_A3
4		76601
2		1815
4		78644
4		77035
-22		43703547094660247
-22		42705581378663232
4		48541
-31		56939
4		68032
-31		61360
2		57507
2		27251
2		76106
2		74910
-21		46897344905481612_A0
4		48705
2		60818
2		36814
-31		77260
4		76255
-22		41232802733118636
2		34081
2		81562
4		65023
-31		74176
-31		25953
0		2295_A3
0		4529_A1
-21		44288878122635731_A2
4		2524
0		11053_B2
0		22863_B1
-21		45849780907168695_A0
2		30528
2		67744
4		77675
-21		42714794083491110_A0
-31		55547
-31		59387
-22		41201612680616946
2		77912
-21		41091794661809057_A0
2		71793
2		72298
-22		42200080907793268
2		88636
2		48493
0		92033_B2
-22		42173288901804891
-22		41610227279224394
2		38430
-31		37345
-21		46892543132062106_A1
4		23193
4		38351
-31		51257
-31		49624
-21		39996685375506150_A0
2		53689
-21		38549869807291813_A0
4		71652
-21		40000537961170602_A0
4		9609
0		6411_B3
-21		43136070245700960_A0
-31		57383
2		58831
4		31491
-21		42771032385258379_A1
4		34922
4		85465
-21		42723323888552303_A0
2		47248
-22		41623129360989779
2		28893
4		56866
2		80112
4		46644
0		68710_B0
0		67468_A2
4		18401
2		71370
4		22933
2		87388
-21		42168633157223258_A2
4		37184
-21		42631248379664221_A0
2		12063
-21		42234741293848199_A1
-21		40981431182193979_A0
-22		43110755708455977
2		53262
-31		49561
2		34529
2		24100
4		3833
-21		41157761064506501_B2
4		32303
4		25023
4		73687
0		40893_B2
2		18875
-21		43743133808217841_A3
-21		42674550239947481_A1
4		51624
2		32849
-31		66766
0		21934_A0
2		27217
0		7049_A1
4		77126
-21		41658442582065625_A0
-21		44760048919908842_A1
2		64992
4		28584
4		75793
4		54018
-31		20207
-31		80018
-31		81565
-31		63535
4		59729
2		80802
-21		42231142111267582_A0
4		3440
-22		41007531698445552
4		9289
2		54328
4		76855
2		66495
4		42423
-21		70355580102908479_B3
2		86994
-31		46806
4		14378
-31		7250
2		69870
2		55182
4		49144
4		18011
2		73611
4		86079
-21		42235415603712721_A0
4		34330
2		89398
4		51946
-21		46896515976811951_A0
4		56716
-31		64324
-31		71778
2		48544
4		70481
4		54610
-21		45269651084563595_A0
0		15782_B1
2		18141
-21		43250552598974485_A0
4		36438
4		84437
4		31005
-31		70092
4		9197
4		87453
2		13476
4		51766
-21		40114749731508804_A0
2		62818
-21		43365730736937076_A0
-31		64792
4		85587
-22		41016323496505935
-22		42283252949481694
0		8744_A1
2		51068
-31		7507
-31		29700
-21		42705319385652486_A1
4		64232
-31		8382
-21		40664484070562661_A0
2		80554
2		44978
2		84992
0		99582_B2
2		13172
-31		10658
2		34078
4		67341
2		59012
-21		40655984330298657_A0
-31		86071
4		72993
2		55973
-31		53009
4		67167
-31		20992
-21		70404229197493840_A0
-31		46914
2		82567
-21		41755753656097826_A0
4		40929
-21		44284767838929820_A0
-31		34458
-21		69603926466383226_A0
2		32385
4		43553
-22		41118028322075335
4		3148
4		64162
4		46668
-21		42239276779312933_A0
0		23267_A2
-31		49006
-31		85844
4		12217
-21		42683470886998171_A1
0		84723_B1
2		26922
4		62805
-21		70360235847478976_A0
-31		30049
-31		66781
4		10132
-31		13025
0		25157_A1
2		51188
-31		67934
-21		44169890348682356_A0
4		83178
4		86199
2		3553
2		66804
4		7317
-31		65717
2		87044
4		76849
-31		44148
-22		42177686948315096
-21		69595662949302701_A1
2		84584
4		14651
-31		42780
-21		41619152221264200_A0
2		55729
-21		41156953610671524_A0
-31		15343
-31		71219
-31		51241
-21		45855020767270960_A0
2		85524
-31		16220
4		62623
4		53065
4		26423
2		4548
-31		49672
2		10141
0		18342_A0
-22		42173452110557415
-21		40625331148689431_A0
4		27216
4		87025
4		71814
2		81518
4		7822
2		34961
0		20257_B1
-31		66685
-22		42283106920596861
4		52475
4		65579
2		66202
4		83607
-31		71303
2		59954
-31		66152
-22		43721693331489782
-22		43106233107898446
2		18030
-21		39626407654982111_A0
-21		41698295583628703_A0
4		29656
-21		41672611679198465_A0
-31		21499
-31		11180
4		61499
4		29587
2		1672
0		8964_A1
-22		42696789580605870
0		8263_A1
-31		50788
-21		42085323676607215_A0
-21		41051383314516019_A0
-31		433
-31		57769
4		85369
-31		64152
2		49118
-31		19475
-21		39627232288704414_A0
2		53883
0		2855_A2
-22		42710280072886476
2		72421
-21		40625468587640261_A0
0		73098_B0
-22		42705882026367762
-31		62205
0		2022_A2
-21		36434138852495333_A2
2		55147
4		11831
0		21006_A0
-31		74908
4		53987
-22		42639889853874135
-22		41646219105169283
2		34519
4		43847
-22		44759752567188546
2		15998
2		46559
-21		43246158847437175_A1
0		10547_B2
4		36529
-31		82583
-31		17350
4		10170
2		28993
4		16604
2		48483
2		44710
4		22580
2		34468
4		71824
2		23723
2		59461
-21		42634671468580424_A0
2		39389
4		63655
4		56892
-21		39595780243196671_A0
2		47397
0		65240_A1
2		62118
0		22803_A1
4		62133
2		61558
2		27819
-22		43730330510713977
-31		62214
4		13534
4		74797
-31		70525
4		76709
-21		40110476239044996_A0
-21		43360782934624355_A0
2		51707
4		80517
2		57412
4		73431
0		20767_B1
-31		68435
-21		43277344604968756_A0
4		143
4		22555
-21		43149264385220164_A0
-21		42706015170331822_A0
-22		42261524709926457
2		89338
-21		42063346328932369_A0
4		65253
-31		5893
4		16704
0		3891_A2
2		72020
2		78614
4		6586
-31		61572
4		35807
2		62307
-21		41566087900320415_A0
-21		42068281246377520_A0
4		37332
4		21513
4		4454
-31		60131
-21		74643787120404500_A0
-31		14
-21		43269093972795672_A1
4		74163
4		42155
4		60939
4		11929
4		78884
2		18312
4		64801
-22		42701063073067619
2		46670
-31		18836
4		48435
2		28017
4		52350
4		61087
4		1100
-31		55134
4		64894
2		29476
2		66469
4		1381
4		71123
-31		73378
-21		42291765574657561_A0
2		46526
-31		24136
4		21006
-22		42635079490493142
0		21434_B1
2		57364
2		47864
-22		41566216749339348
2		13803
4		36776
2		47663
4		20772
-21		43875466045554947_A0
2		49366
0		15978_A0
2		60834
4		88517
2		63748
-22		42669881610492633
4		7828
4		56383
2		35517
-31		47070
-21		42674541649986321_A0
2		68225
2		65572
2		33888
4		15112
4		58265
-21		41742280343703066_A0
-22		41623962584643005
4		59534
2		73888
4		59540
-21		41623966879581288_A0
4		38918
4		35994
-31		504
-31		89462
4		49830
-31		41531
-22		42644025907373828
-21		42780627342199536_A0
-31		57405
2		68449
2		18649
0		16398_B1
4		28872
-31		57032
0		4812_B2
2		10441
-31		36251
4		28490
-31		3748
-31		64348
0		22121_A1
2		70420
2		3867
2		33038
2		82568
-21		41214665086211186_B2
2		52898
2		22270
2		7867
4		65901
2		22146
-31		6116
2		38137
-31		32672
2		84254
-21		42762373731211030_A0
4		42924
-31		62637
4		1133
0		4892_B2
-31		26061
-31		68816
-21		43114883172033314_A0
4		35825
0		5948_A3
2		55745
0		5610_B0
-21		43690636422957237_A0
-31		76686
-22		41575300605182766
2		83668
2		70646
2		45318
4		78735
2		56497
0		8217_B3
2		38758
-31		58722
0		9673_A2
4		76441
4		75351
0		2275_B3
-22		41201312032916198
2		25476
4		32447
0		95438_B3
-21		40677824238979921_A0
-21		42252333479905709_A2
-22		41654061715446926
2		29780
0		3430_B0
2		76299
2		73708
4		40097
4		65063
2		14407
-31		23104
-22		41654057420482147
0		6654_A3
-21		41711631457059210_A0
2		21957
4		54750
-31		5571
2		43848
2		27948
4		83562
2		64667
2		74868
-21		41720564989038589_A0
2		58527
2		66951
2		76594
-31		12462
2		19560
2		29448
4		4199
4		136
-22		43115158049935201
2		58233
-31		22763
-22		44764167793572566
2		51717
-21		40655975740345107_A0
0		18208_A1
4		58510
-21		41157494776549214_A0
2		17671
4		18368
2		43161
0		8814_B2
4		71261
-31		58680
-22		42669855840695215
-31		82936
2		22539
4		79511
4		2717
4		29755
4		26701
0		17160_A3
0		13526_A0
-31		81817
-22		44187456764931611
-31		19818
4		70151
2		69214
4		3329
-22		41100736783737596
-21		41728961650116466_A0
2		62552
-22		42089468320053788
4		69711
-22		42279267219835587
0		9641_A2
2		51289
2		18802
-21		41615308225514770_A0
-21		42204620688216918_A0
-31		69002
-22		43127261267779748
-21		41610085545306594_A0
-22		42045878696964760
-31		31437
-21		41605674613867748_A0
2		23127
-22		43752453887264557
-21		70400359431939157_A0
-31		75298
2		17353
4		54262
4		37569
2		83910
-31		37515
-31		35628
4		89097
4		54140
4		80969
0		68519_A0
2		39253
4		50516
-22		42173568074676815
0		5523_A0
2		5052
4		16451
-31		38752
4		40085
2		39564
2		11020
-21		37484846766883339_A0
2		84334
4		6248
0		5428_B1
4		33123
2		88232
4		30911
0		101118_B3
-22		42186912538060778
4		22358
4		27289
4		85232
-22		42085327971568354
2		85966
-21		40638924720183293_A0
-31		21333
2		47170
-22		44178939844784843
4		76351
2		80544
4		54889
4		42478
-21		41601414006335224_A0
0		88289_B1
-22		42661338920542147
0		25533_A2
4		54674
-21		42669997574615888_A0
-22		43708224314041730
-31		68450
-22		42644154756391691
0		6767_A3
4		78107
4		28346
-21		39622426220320630_A0
2		55631
2		26745
-22		41579552622801012
2		22910
-22		42085353741370554
4		976
-31		14892
-21		44271711138352782_A0
2		44795
2		27653
4		74971
2		84002
-31		17385
-22		45837419991291614
4		61501
-31		19910
0		4892_A3
2		43020
2		12868
4		31456
4		32431
4		24151
4		69745
4		34005
-21		40176863548542030_A0
-21		43198604969513216_A0
4		79704
2		75802
-21		44438437473826150_A0
2		41781
-31		68326
4		40681
-22		41104310196534030
2		43754
-21		41750814443703281_A0
2		81108
0		5178_A3
-22		41561977616623510
0		64956_B2
4		6256
-31		28215
2		29234
4		65763
0		5261_A0
2		88413
-31		47392
-21		41716450410379891_A0
2		39466
-21		41087405205228807_A0
0		49790_B3
2		29945
4		53824
2		36670
2		72906
4		71179
4		43324
-21		41201200363733281_A0
4		57825
4		55230
2		39777
2		64311
-21		43127269857718346_A0
-22		41030084571718312
-21		39939635324922011_A2
4		65811
4		7003
-31		27921
-31		36388
-21		44214390504840051_A0
-21		69608595095837183_A0
-22		43774048982822415
2		66547
4		35498
0		68376_A3
4		12207
0		4565_A3
0		14963_B0
-31		4916
4		49352
-31		58969
-31		59297
-31		17692
-22		40982096902119828
-21		39614308732115219_A0
-21		39617899324789066_A0
-22		43725520147339776
2		67320
-31		40062
4		45183
2		46464
-22		44183608474236560
2		40292
2		49024
4		89255
4		88117
4		75257
4		36232
2		30485
4		7231
2		29137
0		95623_A1
4		24387
4		70291
4		65414
-31		51821
4		53917
-21		42723049010626911_A0
0		19948_A1
0		6065_A1
4		27999
4		46118
-31		26447
-31		71026
2		64470
-21		41693910422018755_A0
2		67861
2		51709
0		15377_A2
-22		41202016407549644
4		16016
-31		62918
-22		43760571375443713
2		58063
4		6071
0		68053_B1
2		49648
-21		41605936606878092_A0
2		13715
-22		45828761337229529
-21		41597020254780643_A0
-21		70343348036049908_A0
2		61033
-31		4345
2		66601
-21		69559662533432430_A0
2		16880
-22		42705181946702701
-21		45836719911601249_A0
2		88870
2		3896
4		46004
-31		24882
-22		41593305108090225
0		67136_B3
4		76720
-21		42740632606739177_A1
-21		44293301938946535_A0
-31		53799
2		59614
-22		41593180554029779
-31		30289
4		26086
-31		84838
2		10008
4		14369
-31		39740
2		67959
2		48333
2		64427
2		12596
-31		423
-21		41065402087771457_A0
2		67606
2		38775
-21		38535851034043051_A2
-22		41588894176662925
-21		69599786117897566_A2
2		21969
0		9967_B1
-31		28894
0		4771_B0
4		48991
4		1401
4		66177
4		48720
4		18949
2		55882
-21		42713973744734344_A0
-22		41117341127309778
2		6491
0		10210_B1
4		66783
0		17017_A1
0		22378_B2
-31		28522
4		56530
-31		4315
-31		66884
4		72711
2		58387
-21		74644074883193896_A0
2		5156
-22		42718655259102849
4		61431
-21		42160249381066786_A0
-21		42705443939704886_A0
4		37963
4		82200
4		69573
2		30565
-22		42204650752987791
4		76672
-22		42283785525434702
-31		66844
-31		20091
2		6874
0		99397_A0
-22		41205306352498607
-21		69555401925859587_A0
4		20681
4		89357
-21		69590444564046215_A0
-22		41641395856888862
4		23593
-21		43118598318738503_A2
4		76337
-31		66902
-21		69573406428762582_A0
2		39377
-21		42679197394541817_A0
4		80999
-22		44178682146742816
-21		45318433323114468_A0
4		82680
-21		42692541857928026_A0
-22		41583963554222066
0		16342_B0
0		8586_A3
2		41928
-31		86155
4		28250
2		81873
2		33685
4		55739
4		46412
0		100247_B1
2		5432
4		81016
-22		42032568593312914
2		82466
2		73374
2		46731
4		45592
4		2452
2		80288
2		32137
-31		83996
-22		42678810847510053
4		60484
4		62535
2		11104
4		20974
-22		42036674582039626
4		78523
0		18325_B3
4		76872
-31		42452
4		50386
0		14014_B1
2		65924
-31		62843
4		45791
2		47668
2		31370
2		51022
-22		43123537531131165
0		6223_A1
2		65820
-21		41224019525004948_A0
0		13347_A2
-31		44144
2		86364
2		68844
2		32112
4		64152
-21		42714519205600975_A1
2		76514
4		75255
-22		43127931282677449
4		40891
2		59077
0		4823_A0
2		75722
-21		40643198212638982_A0
2		2338
2		32528
-31		18100
4		34563
4		16630
0		87931_A1
2		55092
-22		42683475181988964
-31		57298
-22		42656936579069453
2		21558
-21		41614599555912336_A0
-31		7363
0		6387_A0
2		10817
4		50477
4		91
-22		43735166643888584
-21		40695966180850207_A1
-22		42652817705435894
2		24890
4		49722
-31		83770
-21		42820214055767563_A0
2		75152
4		89191
2		55943
2		53407
-31		53354
-22		42090134039978958
-31		12770
0		6068_A0
2		16822
4		79206
-31		10576
-31		63318
4		14005
2		12627
-31		2645
2		43747
4		20735
-31		24772
0		4410_B2
0		68376_A0
-31		748
-31		20495
2		22468
0		2197_B0
-21		42666166463777630_A0
0		6209_B2
4		58970
4		53143
-22		42287380413050227
2		80648
0		99431_A1
4		53718
4		22363
4		39049
-31		80262
4		71083
4		81592
0		8928_A1
-31		1557
0		25533_B0
-22		43699973681874060
0		68099_A0
4		69981
-21		41667930164839410_A0
-21		43347296737303484_A0
-31		24875
-31		73822
-31		16249
-31		29520
-21		40089310640223633_A0
4		87475
-21		70369598876159831_A0
2		32914
4		57313
-31		71400
2		51605
2		37695
2		34158
2		62570
-31		83062
0		5189_B2
4		53382
4		49892
0		91304_A2
0		10400_B3
0		89107_A0
2		70728
2		84240
2		60233
4		77369
0		84662_B2
0		8642_A3
2		82261
0		88044_A2
-21		46910118138235514_A0
-31		32779
2		43686
-31		1178
-31		14796
2		30811
4		87211
4		48869
-21		41245043389910706_A0
0		4849_B3
-21		40999555944158749_A0
2		45416
-31		40458
4		63818
4		5665
4		43651
4		22815
4		33521
-21		44798501762122768_A0
-31		53700
0		7843_B0
2		66240
-31		33478
2		27039
2		47381
-31		22684
2		37243
2		62639
-22		42203671500447179
2		31126
2		84370
2		51190
-21		41605962376704071_A0
-21		40044797599157719_A0
2		29752
0		99548_B3
2		82417
0		3574_B3
0		88416_B0
0		8123_B0
0		4121_B1
0		19435_B0
4		75513
2		24350
4		25845
-31		20291
2		6557
2		78471
4		7251
-22		41641675029764574
2		37603
2		31965
-21		42802346991816016_A0
2		75748
-21		37489227633547078_A0
-31		40225
-22		42666428456785125
4		68317
2		46017
4		83481
2		89034
-31		72408
-31		67050
2		70403
-21		44776953911199272_A1
-31		40952
2		69070
-31		14784
-21		39617620151896124_A0
-21		41724555013666204_A0
-31		48747
-31		61046
-31		20504
4		46660
-21		41689117238518585_A1
0		22441_B2
4		30885
0		5778_B3
4		48258
2		27463
4		51400
-22		42678673408556438
-31		25697
0		5331_A2
0		16431_B0
0		19980_A0
-31		20842
-31		43537
4		12503
2		14635
4		71257
-21		45370389542494278_A0
2		6423
2		38240
4		11134
-21		42727859374015589_A0
-31		17171
2		44126
2		46149
0		14048_B1
4		52107
4		79148
4		66605
0		3537_B3
0		20641_A3
-21		40620516490348672_A1
2		47794
-21		41201196068771879_A0
4		18366
4		58780
-21		41715484042738213_A0
0		20767_B0
4		15520
4		33270
2		70376
2		48175
-31		42372
4		66419
-21		40669028145979694_A0
4		26731
4		4811
-31		13205
-21		42274585705475373_A0
-31		83744
2		74943
-21		43338487759373206_A0
2		67376
4		53788
4		14494
4		48022
4		48779
-31		83570
4		88909
-21		44183483920189580_A0
2		61714
-31		37149
-21		41571048587550999_A1
4		9780
-31		56299
-22		42036807726034259
2		58799
4		46234
2		48373
-21		39609519843578991_A0
2		39620
2		6727
4		28263
-31		29506
-31		10982
2		75775
0		7311_A2
2		76360
-31		10532
0		7862_B3
0		22569_A3
-31		55672
2		27365
-31		45501
4		7797
4		79384
-21		41183857285797722_A0
-21		42639499011843470_A0
2		21053
4		68384
-21		42709455439138597_A1
4		27897
-31		73504
-22		43101152161584754
-21		42270587090901011_A0
2		87104
2		33826
4		47818
2		38148
2		28567
-22		40964380162020985
-22		41236633843957538
4		68817
2		17987
-21		41750814443705400_A0
4		80395
0		5775_B0
-22		43704517757262698
-21		41219591413698843_A0
-21		40132616795462351_A0
-22		41210005046722002
-21		44275834306957521_A0
0		20005_A1
2		6268
0		14194_B1
0		3930_A3
2		75216
-31		43666
0		68170_B2
-22		42666557305804754
2		20518
4		89201
4		34169
4		30072
-31		68553
2		7972
-31		16131
-31		65336
-21		44161339068783482_A0
-31		68181
-21		43765102565920246_A0
-21		41746682685187424_A0
-31		43620
-22		44763897210630733
0		13541_A3
2		66076
4		63718
2		83572
-21		42644300785260771_A0
0		95399_A1
4		67791
2		61672
4		62278
-31		89558
4		39969
4		66359
4		6128
2		60983
2		39600
-31		75454
-22		42674936787005505
-31		81163
-21		41662849218528985_A0
2		49226
2		44586
2		50575
-22		43717561572947313
2		86474
4		21296
0		16761_B0
-31		36507
-31		78148
2		83830
4		5456
2		5588
0		6973_A0
2		28147
4		41547
0		101127_A0
-31		64030
-21		37480873922137593_A1
2		85352
0		3577_A0
-31		62813
4		79624
2		43780
-21		41659421834613461_A0
-31		40740
-22		41117899473062167
-21		40005344029594004_A0
-21		41663691032122770_A0
4		23993
-21		70377961177504864_A0
0		49664_A1
-31		74334
2		51865
-21		44759911480955639_A0
-21		42709704547262653_A0
-21		41179489304056463_B2
2		59837
-21		42231142111267582_A1
-21		70387027853446046_A0
-31		5799
-21		42714128363559467_A0
-21		41698321353435296_A0
4		1408
4		25050
4		15497
2		1203
2		19057
0		16565_B1
2		53875
4		63598
4		16610
2		78038
-21		42216852755061003_A1
4		33178
0		7766_A1
-21		40656538381063332_A0
-31		62654
2		74022
4		59823
4		48600
-31		17480
-21		44759915775942030_A2
4		43149
2		87644
-22		43747652113821565
-21		42169307467121648_A1
-31		81258
2		74096
4		77277
4		85005
4		87765
4		32664
4		669
0		3930_B1
2		77830
-22		40576793723294397
4		49050
2		29543
-21		41716463295267880_A1
4		20628
-21		45287393594447450_A0
0		67301_B3
0		95447_A1
4		4620
0		21006_A3
0		16292_A0
2		61710
4		79838
2		28257
-21		41575442339099401_A0
2		68175
0		99326_B1
4		77239
2		89204
-22		42203796054500168
2		51509
-31		20531
0		4772_A0
2		44365
2		86968
-21		38562647335000033_A0
4		1893
-31		58400
-31		88853
4		55093
-22		44759473394318205
4		44807
2		79227
-22		42287792729913291
-31		42033
-22		41121898087606671
2		19386
0		10077_A3
-22		42200218346745885
2		89196
-21		40158987894656711_A1
4		35649
-21		42626283397454659_A0
-31		13851
-31		53796
-21		41703239090964917_A0
-31		17414
4		27030
2		6241
-31		381
2		45799
0		25081_B1
4		33565
-21		43260156145847116_A0
-21		41227438318972159_A1
2		50918
-31		64489
4		39124
-21		42820231235635566_A0
-21		41219342305626321_A0
0		3830_B3
-31		69335
2		22521
2		17203
2		17090
-21		41021146744772087_A0
4		80427
4		29451
-21		41601697474154313_A0
2		16151
-22		42300973984544306
-21		40594398794239985_A2
4		68585
-21		39626704007743938_A1
2		53296
2		19762
4		56163
4		33513
-31		28498
-21		40682497163395585_A0
-21		43382902016183046_A0
-31		15637
2		47174
0		6625_A3
-21		41597277952807160_A0
2		44096
4		50941
-31		5752
-21		40660781808749197_A0
-21		43119564686363614_A0
4		76933
-31		17672
2		59223
-31		20033
2		54966
4		68729
-22		41583839000161756
4		52464
2		56010
-22		41580261292414165
4		29867
0		83591_A1
0		5171_B0
-31		46749
4		177
-31		19672
4		78191
-21		45823813534894788_B2
0		14232_A3
-31		60738
2		28456
-21		70387444465292232_A0
4		73953
-31		12175
4		57752
2		85874
0		87795_B2
2		20724
-22		40577373543886284
4		25772
4		8455
4		68374
2		33500
2		22688
-21		38558369547553884_A0
4		59414
4		41377
-31		69074
-21		40633702039950701_A0
2		81867
-21		41619268185375194_A0
-22		43721547302594795
4		56762
-21		43752183304317291_A1
0		9333_B0
-31		58249
-22		42182106469664454
4		21200
-22		43748352193485968
0		2633_A2
-22		42666299607769389
4		50731
4		53797
-21		43708915803768732_A0
2		38437
4		54283
-31		7487
4		64681
-21		40682372609361319_A0
-31		70935
-21		44195977980035788_A0
-21		40146352100889932_A0
4		68759
4		59873
-31		63694
4		53105
-31		20822
-31		33798
4		64415
-22		43721805000641564
4		71035
4		78809
0		17826_B0
4		72169
4		25132
2		85062
2		65168
-21		44306337164695640_A0
-31		29939
4		10887
-21		69630568148500868_A1
-21		69560478577217273_A0
2		31305
4		42196
2		54784
-21		40594948550037396_A0
0		68056_A0
-31		39867
4		38147
-31		13675
4		58182
-21		43225117802630825_A0
4		33079
4		38145
2		45849
4		16224
2		54454
-31		76590
0		16568_B0
-31		38644
4		77173
-31		9138
4		4764
-21		41601830618142080_A0
2		21524
4		56373
4		6654
-21		70418084761961368_A0
0		8855_A1
-22		42191301994640359
-31		58175
-21		41646231990063385_A0
-21		43246416545453731_A0
4		85594
-31		63439
2		56529
2		63928
-21		44764146318728253_A0
-31		15661
-31		76807
-31		39098
4		44810
0		7049_B3
0		6508_B0
4		55376
2		14985
-31		6166
-22		40985412616875588
2		7823
4		60162
2		53645
4		9893
-31		23641
2		53066
-21		44262932225224898_A0
-31		53869
2		11044
0		6211_B1
4		6941
4		59210
4		85969
-22		41131523109315867
2		60349
-31		27080
0		25246_B1
4		60524
2		61736
-21		41733359696615259_A0
4		59681
-31		61221
2		58135
4		35538
4		53990
-31		73017
-31		33601
-21		42248489484176585_A0
-31		84138
-22		41126854479863045
-31		44529
-31		21605
-21		40678227965927901_B0
-21		41707362259571891_A0
-31		89053
2		69712
2		2883
0		88562_A1
2		81822
-21		41557725598982282_A0
4		30282
-31		83550
-21		42670976827150746_A0
-31		33131
2		78992
4		59655
-21		43307980606692066_A0
4		47641
0		84709_A3
2		68371
-22		42071987803156991
-21		70409043855830417_A0
2		21219
4		82509
-22		41210692241481953
-31		59564
4		66922
2		53938
2		70820
2		74252
2		19251
2		81404
4		15319
-21		42701488274828654_A0
2		15078
4		35639
-31		47086
-21		43140463997229462_A2
-31		58826
-21		41012625529635273_A2
2		81611
4		64984
-21		45357478870781655_A0
4		49271
0		67225_A3
-31		31876
2		71802
-31		3057
-31		62279
4		79756
4		9361
2		61686
-21		37480294101556056_A0
4		55468
2		62407
0		87407_B1
-22		41654611471269688
-21		41698849634392326_A2
-21		43752733060110352_A0
4		81555
-22		42270325097914380
-21		41760173177440256_A2
4		38109
2		32049
2		75404
4		5999
4		80105
-22		42657366075795173
4		19753
-21		43096878669106365_A0
4		11796
4		25361
-21		43118598318738503_B1
-22		42644309375222497
-21		37494068061676871_A0
-31		60448
4		64312
-22		42696939904471850
-21		45313223527760707_A0
-21		42644442519200193_A1
2		48317
2		51775
4		33269
0		84129_A1
-31		12109
2		68011
-31		87319
-21		41209987866828066_A0
0		18969_A3
4		83511
0		15266_B0
2		49008
4		69945
-21		43096758410043788_A0
-21		41663407564259968_A0
-21		44210147077131665_A0
-21		44790534597795569_A0
4		78769
4		46706
2		85450
4		33461
4		8993
-31		45442
-21		42731557340861145_A0
-31		31016
2		47186
2		72640
0		67220_B0
2		24442
2		80624
-21		37476192407806282_A0
2		8583
2		52112
4		42667
-21		40088902618318004_A3
2		7071
2		49202
-22		41095771801543450
2		84912
-21		41615432779567602_A0
4		6784
-31		28614
2		67775
-21		70418101941831357_A1
4		28452
0		49716_A1
-22		41623533087904809
2		25680
2		63620
2		9243
0		4330_B2
-22		41095780391487680
-21		41755495958060634_A0
4		767
-22		42666308197706250
0		49610_A1
4		70443
0		73075_B1
-21		41746536656296299_A0
2		36153
4		1615
2		72438
4		28137
4		25078
-21		70369306818408789_A0
-22		42309916106446010
4		82991
-22		41126712745941547
0		10183_B1
4		10018
-21		45300304266153727_A0
2		37801
-22		43127669289675803
4		43869
-31		24080
-22		41588490449749324
-22		42103461323502957
4		45504
4		78207
2		74168
-31		82013
4		34008
-21		44324629430430822_A0
-21		40594407384157517_A1
0		15741_B2
-21		41702839659009597_A0
4		44977
2		65150
4		40364
2		4766
0		22693_A2
2		52207
2		46423
-22		40963564118230099
-31		64585
-21		41760155997576072_A2
-31		9567
-22		42634830382401982
4		85781
4		39937
-21		42767458972470027_A0
0		2247_A1
4		77107
-22		41574742259424890
-31		62755
-31		70493
0		20355_A2
2		33733
4		436
4		8780
2		67044
4		46489
4		12461
-21		37466983997920553_A0
4		20122
4		23447
2		63568
4		14592
4		86969
-21		41232128423232036_A0
2		17830
4		26042
4		9248
4		25510
2		13902
-21		42719071870936881_A0
4		24803
2		58349
-31		27933
2		83930
-22		42278433996176852
0		65617_B1
4		70689
-31		56291
4		32826
4		12405
-21		42147308644599442_A0
0		67530_A3
4		40518
4		60767
0		22619_A0
2		44279
4		84259
-22		41113647455441043
4		55394
0		16652_A0
2		75436
2		29923
-21		41047689642640869_A0
-21		42820364379638370_A0
2		55465
2		32509
4		6188
4		88652
0		9774_B0
-22		40977441157570128
4		88655
2		50072
4		13373
2		46001
-21		42652946554447891_A0
2		3924
4		71125
4		38523
2		74960
0		10479_A2
-22		42705856256569725
2		56783
4		8241
4		1291
-21		71160667427587562_A0
2		920
0		17054_B1
-21		43189241940827617_A0
4		32167
2		61524
2		71270
0		84723_A1
-31		62468
-21		42740654081590372_A0
-31		33122
2		6868
2		22332
2		68694
-31		60284
2		79635
0		6656_A3
-31		35395
-21		38558227813651687_A0
2		87332
2		61100
4		73236
4		1490
-22		42173580959583185
-22		41100436136033093
4		84683
-31		18475
-31		88909
4		48220
-31		83284
2		65028
-31		69227
4		56104
-22		41210550507571052
-31		82186
-31		89469
-22		45854337867476084
-21		37467112846920226_A0
4		17019
2		51845
4		12117
4		61757
4		20679
-22		41636452349532563
4		38907
4		89167
0		2357_A0
4		46540
-21		38548886259769291_A0
4		51750
-21		44754817649754357_A0
2		84244
-21		41016327791467115_A0
-21		39614313027080966_A1
-31		17796
2		78987
-21		40981152009295314_A0
-21		44319814772092511_A1
-22		41640721547025812
-31		35124
0		6223_A0
4		52191
2		65588
2		77695
2		37055
0		17301_B0
2		64463
4		79946
2		40214
-21		70369719135243809_A0
-21		41214523352312572_A0
-21		44429345028074388_A0
2		31230
-22		45823680390914729
2		48983
2		60177
2		61922
2		48158
4		45390
-22		43123408682119861
4		86539
-21		44785449356515765_A0
-22		41575721511974721
2		45561
-31		73818
4		88167
2		68610
-31		51037
-22		41016606964348626
-21		69569407814210176_A3
2		60168
-21		40106769682284042_A0
-31		51585
4		49863
-21		41135100817073559_A0
4		51908
2		22902
-21		41215064518190646_A0
-21		42674391326153209_A0
4		10040
-31		51058
-22		42692662117038055
4		83787
4		13651
-21		42634817497495916_A0
2		8380
2		62948
-22		42678935401555815
4		63505
4		7892
4		46696
2		45038
4		59790
0		6046_A3
4		86913
4		81860
0		40969_B0
4		62127
4		37008
-21		38558382432474531_A0
-31		73810
4		23742
4		68741
2		19856
-31		14399
4		84995
-31		79709
2		47585
-31		39645
-31		41552
0		83976_B2
2		38937
0		7311_B1
-31		56815
4		25479
-31		16906
4		69498
4		52865
-22		41003550263772996
2		15378
2		33092
-22		41232811323055136
0		22547_B3
2		50154
0		95365_A1
-21		42076269885525314_A0
-31		29733
2		54568
4		7893
-31		35088
4		76940
4		19080
0		101057_B1
2		23074
2		37013
2		33568
0		100452_A2
4		50969
-21		40590567683394160_A0
4		74322
-31		43617
-21		42291619545745979_A0
-21		41702989982881636_A0
-31		46413
4		86319
-21		40585602701213175_A0
-22		42292598798317350
-21		43760983692280996_A0
4		10484
2		66318
-21		43730330510692218_A0
4		50899
-22		41583830410232282
4		61613
2		70628
-21		69581652765986931_A0
2		28499
4		35160
4		35490
-21		40089048647209696_A0
-21		41659288690639181_A0
4		60825
0		6619_A1
-22		41646201925299882
-31		26743
-31		26174
-31		59845
4		28517
-31		52644
-31		23313
2		26364
-31		4534
4		15512
2		40800
2		82395
-31		53626
-21		42723044715677690_A0
4		88687
2		5644
-21		69569291850111758_A0
4		747
2		18357
-22		42652542827530115
2		88240
4		785
-22		42033126939052558
4		41193
-31		62633
-21		41742301818525345_A0
4		5068
-31		81763
2		19368
2		63248
0		4560_B3
-31		38473
-21		70417822768957676_A0
2		79076
4		73237
4		44569
4		48194
-31		4712
4		72567
-31		6033
4		13701
-31		18547
2		70280
2		10328
0		99356_A2
2		3877
4		14392
4		31411
2		8908
-21		42278988046954391_A1
2		27917
-21		37480178137454546_A0
-31		67418
2		12731
2		26077
-21		41720152672189656_A0
4		77649
4		9703
-21		43159164284846880_A0
-31		41431
0		22619_B2
-31		41511
-31		23065
2		42908
0		17243_A1
-31		81549
-31		75786
4		59150
4		47987
2		45643
-22		41623417123793369
0		88287_B0
-31		12979
-31		3828
0		3930_B0
-21		42291619545748152_A0
-21		44786291170106911_A0
4		18039
2		87478
-21		45234196129515271_A0
-21		69586884036136213_A1
2		7425
2		20180
2		9255
4		27684
2		76130
0		3294_A2
2		32104
-21		40665051006256542_A0
4		67553
-22		42314318447927136
4		42013
2		16229
-21		45845808062400826_A2
2		72678
-31		38742
2		52816
0		66861_B1
-21		41641413036739853_A2
-21		42635242699254430_A0
0		65863_A0
4		36428
4		10299
2		74780
0		2067_B1
-21		41702826774121412_A0
-22		42714944407370073
-22		42067469497558665
-21		42758095943781456_A0
4		14037
4		88961
4		34814
2		28654
-21		43282008939453363_A0
-21		44200796933329759_A0
2		54413
-31		75269
2		88248
-31		12366
2		8668
-22		42719355338772782
2		28843
0		25442_A0
-21		40004798568727591_A0
0		17109_A2
4		36979
4		45828
2		58291
4		16276
-22		43106233107904249
2		19378
-21		39934288090645408_A0
-31		78170
4		42212
-21		38536254760967666_A0
2		55181
2		52936
-31		5871
4		64436
-31		16634
-22		41597020254790548
-21		44240667114735860_A0
-21		44192417452138314_A0
-21		42631372933695997_A0
2		65432
0		21306_A2
-22		42709717432170400
-31		34653
-22		40990484973244827
4		9170
4		22538
-22		42670418481404452
2		60375
-22		42678797962601701
4		57124
-31		34267
-22		42631235494767647
0		99476_A1
-31		47125
2		7364
4		62250
0		20271_B0
-21		41720440435001679_A0
4		55562
2		37053
-22		43725820795061912
-21		45309645820020374_A0
4		29768
-31		72288
-22		42696252709694564
4		73399
-21		44310894124992319_A0
4		64214
4		31161
4		33069
-31		89340
0		3233_A3
4		41893
-31		14830
-31		13124
-22		41029672254854758
2		68850
4		48200
2		70536
4		61129
2		15607
-31		24714
2		25933
4		83633
4		32136
4		13518
-22		41628218897237582
2		15142
-31		30493
4		1942
-22		41240924516283037
0		65206_A3
2		36608
-21		40136744259051948_A0
0		20065_B1
-31		74975
0		9885_A1
2		46883
-31		32127
4		60957
-21		40642644161875044_A0
-31		81602
0		18024_A0
-21		69617661771776462_A0
0		83800_B2
0		18916_A1
0		87703_A3
-22		40985704674644681
-21		41694030681085495_A0
-21		43730472244629983_A0
2		35808
-21		44227752148075403_A0
2		47324
4		38483
-31		51364
2		62441
-22		42199814619816232
-31		41090
0		17771_B1
-22		43708202839210781
-22		43115037790858536
-22		42169444906069822
2		10717
2		6037
2		8315
-22		42054137919068656
4		31302
-22		44776648968536935
2		33229
4		31964
-31		11589
4		27460
-22		43743133808223460
-31		64378
4		19662
4		59504
-31		37156
4		1237
2		69606
4		33712
-21		41760014263654748_A0
4		83653
-22		42292603093290877
2		70054
4		427
-21		41715505517574785_A0
0		95623_B2
2		58332
-21		43250393685190065_A0
0		22605_B1
0		6620_A0
0		73098_B2
4		70887
4		1354
-31		8058
2		19351
-21		43268969418744299_A0
2		64047
4		87141
-21		42810889681768386_A0
-21		42256984929470906_A1
2		48943
-22		42710138338960789
-31		32496
4		51302
4		64142
4		46926
4		8602
2		22214
-22		42195008551414883
2		71412
-31		58369
-21		42634813202518724_A0
-21		41746394922359366_A0
-21		44156421331222950_A0
-21		43320904163279202_A0
-21		42217144812837308_A1
4		35550
-31		66093
-31		87325
-21		43176202420094881_A1
-21		45243125366546859_A1
2		6770
2		85080
0		87768_A0
4		8402
-31		77486
0		7911_A3
0		10043_B2
-21		39618436195681598_A0
4		68263
-21		43215780543749818_A0
2		61639
-21		41566491627229655_A0
-22		41619418509247414
4		65343
2		60401
-21		69639647709394643_A2
4		45814
2		77410
-21		42195850364981322_A0
-31		67951
4		60462
4		43687
2		59888
-21		40690876644613438_A0
4		12691
-31		5427
-21		43197900594893412_B0
2		46984
4		53568
4		55946
2		60580
-31		27200
4		87425
4		40998
2		33120
-31		51708
4		23240
2		5360
-22		41245163648997091
0		16656_A0
-21		70369598876175043_A0
2		60956
4		7074
0		13514_A3
2		51008
-22		45832592448053326
2		36573
2		56030
4		9621
4		21620
2		57603
-22		43101959615442279
-31		52019
2		77736
-31		11073
4		22963
4		84895
2		21149
2		87442
2		74742
-22		41232240092408171
4		61755
0		4960_B2
2		70910
-31		21217
2		46415
-31		71683
4		77455
-31		5500
2		68265
2		67284
4		6618
-22		41589044500525106
4		68616
-22		42182510196582672
4		30584
-31		7387
2		24472
4		64524
-22		40968645064541887
2		52074
-22		42040939484566348
-21		42714261507540409_A0
2		9485
4		46568
-21		41566508807100708_A1
-31		18731
-21		44772809267740959_A2
-22		42652950849425015
0		3179_A2
4		54869
4		8442
0		9898_A2
0		22569_A0
-31		12370
2		69322
-31		88051
2		22222
4		5772
-31		23696
4		86277
-21		42644296490291773_A0
4		40306
4		71127
4		6719
0		7826_B0
4		22822
-21		42789698313129381_A1
-21		42811301998629289_A0
2		19679
2		55190
4		83498
-21		44191850516451278_A0
-31		16627
2		33024
4		77813
-31		58076
-21		40026926240240994_A0
2		61496
4		40853
-22		43695695894439446
2		39379
2		18061
-21		41725392532290704_A0
-21		41715621481678919_A0
2		19130
4		73903
-31		41979
-22		46896382832826588
-31		648
-31		9499
0		68176_B3
4		61303
-31		58122
0		99548_B0
0		69056_A1
2		35573
-21		43122992070287509_A0
2		13755
2		31530
-21		69608036750089069_A1
-21		45318317358986298_A0
-22		40977157689734460
2		52886
-21		45296309946555921_A0
-31		22587
-21		43197900594893412_A0
4		2176
-21		44298099417417463_A0
2		14563
2		27359
-21		41703114536932655_A0
-21		43707807702196404_A0
2		53693
-21		42085486885358273_A0
4		76075
4		48188
2		12755
4		73983
4		33692
4		54716
-31		52071
-31		73306
-31		25358
4		58972
2		68417
0		16731_A1
2		67778
-21		43123430156931069_A0
-31		88619
2		14114
-21		44183904826969859_A0
-21		42820098091662276_A0
2		53365
-21		44218513673447419_A0
4		32961
0		88181_B2
-22		42085474000461303
-21		42054966847739115_A0
2		60944
4		6753
4		68559
0		6508_A0
-31		22838
2		71781
2		29083
-21		42146479715933682_A0
2		67382
-21		40115436926271985_A0
2		18471
4		10657
-31		14936
0		17124_A3
4		86511
4		37436
-31		47502
-31		25986
-21		43220028266407647_A0
2		56643
2		10462
0		88210_B0
4		69173
-31		78073
-22		46897469459554705
2		75490
2		18844
0		67509_B0
-31		77426
-21		70400501165881646_A0
2		76810
4		39306
-31		73754
2		47680
0		9326_B2
2		49762
4		84245
4		45974
2		64364
4		29267
4		35842
2		47696
4		32606
2		31184
2		39512
0		4537_B1
2		86217
0		9160_B1
2		65380
-21		45837157998265363_A1
-21		44777340458258261_A0
2		46771
2		15970
2		56939
-21		40664913567288534_A0
-21		40647725108170740_A0
2		62930
0		8007_B3
-21		40630128627174515_A0
2		81202
0		66757_B0
-21		40682754861455007_A0
-31		63435
0		69027_B1
2		68259
2		12900
4		49120
-22		41100711013942098
4		87281
4		80310
4		78799
-31		34528
-21		44785595385407368_A0
-21		42041493535329104_A0
-21		69595529805325035_A0
4		52907
2		13370
-21		41043394675347870_A0
-22		41108987415914255
2		62686
0		4889_B3
0		19239_B0
4		51806
-31		86100
-21		43281467773556666_A0
2		41702
0		8439_A1
2		82373
-22		40990098426195318
2		3821
2		50371
-21		43136340828638330_A0
4		15022
4		44630
4		84985
4		62771
-21		41637276983235492_B2
-21		43704083965548324_A0
-21		45361881212274795_A0
-22		42173452110557432
4		23519
4		18761
4		66709
-22		41030213420738900
4		64752
-22		41227292290079111
4		65463
4		19865
4		4731
-22		41209721578885712
0		68091_A1
-21		41631942633872062_A0
-31		50497
-21		40665471913039194_A2
-31		56611
4		68446
0		17750_B3
-22		43747518969831871
4		25047
-22		41100023819169670
-22		41655006608250262
-21		46878799236699903_A0
-31		34327
4		84293
-31		55324
2		2797
-22		41099770416095340
4		58100
2		72500
0		10626_A0
2		60702
-21		42674691973861081_A0
4		39045
2		24621
4		83047
2		38060
2		72224
-31		81261
4		64794
4		68999
4		27086
4		44677
2		8855
4		54148
-21		42679489452319282_A0
2		23339
4		35200
-31		77181
-31		71670
-21		44764038944526633_A0
2		32326
-31		89716
-21		40581062920786027_A0
4		64600
4		45702
2		10246
4		54805
0		100444_B3
4		88893
4		46781
-31		34249
-21		41724555013665602_A0
-31		54911
-21		45260592998517811_A0
2		86460
2		80440
0		99432_B3
-22		40959423769756229
4		4943
4		30412
2		15597
2		27825
4		74067
4		56742
-21		43365589003034339_A0
-21		44156412741304706_A0
0		22378_A3
2		86734
-31		75302
4		78171
4		9618
-31		53559
2		11767
-31		82551
4		72493
-21		40973335168813603_A0
0		8898_B2
2		1938
4		85457
-31		15051
2		82369
4		53872
2		61437
4		89263
-21		45828611013349846_A0
-22		42032826291339784
4		53928
4		33991
2		74788
-31		46783
0		9705_A3
2		38781
2		6258
-21		40655984330297784_A0
4		17539
-21		37489390842290649_A0
-31		10893
4		83365
-31		5054
4		45440
-22		43730901741364839
0		18192_B0
-31		52416
4		28474
4		15340
-21		44161906004465204_A0
-22		43756315062856475
4		47811
-31		22357
-21		41655015198196423_A0
0		18172_A2
-31		85610
-31		88247
-21		43281759831349734_A3
-21		40686474303111617_A0
0		22226_A3
-21		70391713662793335_A0
0		9191_A2
0		3177_B2
0		5502_A3
2		77456
4		41050
2		51681
4		35290
-22		40990648182000641
2		75310
-31		43213
4		62875
2		30540
-22		42696789580612756
-21		41733772013474340_A0
4		27193
-22		41223035977497670
2		66984
2		89587
-21		70351989510246863_A0
-31		30292
4		62238
-21		69639647709394643_A0
-21		70351847776355213_A0
2		24972
-21		44328048224388037_A0
2		37758
-22		41227455498837939
4		12287
-22		41113638865502879
-21		40093304959816551_A1
2		80490
-22		42199943468836901
0		99792_B0
-21		40682097731461117_A0
-21		38540103051663854_A0
-31		66060
2		22968
-31		9877
4		53596
-21		69630447889442548_A1
4		51780
4		53971
-21		43752621390957870_A0
4		65164
0		87390_B1
2		14808
4		37380
2		73852
-21		41751493048537154_B3
-22		41236805642644270
4		84297
-21		41205452381377605_A0
-21		70342377373452077_A0
4		46078
-31		28573
2		29340
-31		5245
4		76123
4		39862
2		14719
-31		42466
0		22121_B1
-31		15299
4		7905
4		34551
4		61362
4		62418
2		84310
-21		42687731494552111_A0
4		56434
2		41474
-31		71637
4		11447
4		30789
2		19917
-22		41117487156199745
-21		69608178484017151_A0
4		5908
2		56679
-21		42634813202503251_A0
2		58241
4		1548
4		29145
-31		35003
-31		30711
-31		44647
-21		41144283457151197_A0
2		61906
2		64093
0		15202_A0
4		78411
4		1429
-21		38558236403565073_A0
2		77700
4		17894
-22		42639919918639821
2		23863
0		19224_A0
0		22195_A1
2		21471
2		10023
-22		42168615977382975
2		37501
4		61423
0		18325_A1
-31		19114
-22		42164900830677566
2		39243
4		47104
-31		79076
-22		41237071930619012
-21		69564606040768620_A0
2		71517
-21		41205439496462609_A0
-21		70343189122274915_A0
-21		43176052096265454_A0
2		46157
4		27345
0		2556_A1
4		59116
0		6446_B1
4		28024
4		69973
2		82027
-21		40102096757865823_A0
4		37150
4		41865
-31		46177
0		5428_A0
4		1550
2		16491
4		52287
2		57278
2		66477
2		63774
0		6909_A1
-21		43361178071604283_A0
-31		55269
4		79566
4		63760
4		54445
-31		68732
4		85739
0		5234_A0
2		87730
4		85619
2		76078
-21		40637966942475396_A0
2		4769
0		95941_A1
2		84072
2		70092
4		63197
-21		42679502337233132_A0
-21		43149934400128408_A0
4		79422
4		55510
-21		41570644860606952_A1
2		9941
2		18503
-21		40634410709574444_A0
4		55952
0		20355_B1
2		14622
-21		41702577666020002_A0
0		95399_A2
2		68479
-31		65032
-31		72804
4		70095
-31		89678
4		306
-21		41086550506737602_A0
-21		44754813354776219_A0
-22		43757148286508355
4		2022
-22		41645385881513013
2		26628
4		16163
4		77209
-21		45230343543866832_A0
4		60655
4		59386
4		37574
4		83259
4		28990
-31		25506
-31		11608
2		35263
-21		70351585783320055_A0
2		17363
0		19491_A2
-21		41750938997771974_A0
-31		68540
-31		10609
4		55180
4		44183
-22		42675207369947811
-21		41636456644503027_A0
-31		36861
2		60245
4		2182
2		48742
-31		16014
-21		46914241306837933_A0
-22		41209992161825875
-31		18629
-22		42195554012259557
2		86180
4		26468
4		72495
-31		73521
-21		42807153060224646_A0
2		42054
-22		42050568801251446
-22		41654478327278406
2		71368
2		19249
-22		44782017677647258
0		84712_B2
4		26031
2		55337
4		67733
2		39000
0		15457_B1
-31		30537
2		37877
-22		43114200272242455
-31		30258
2		29312
4		71073
-31		73552
0		16632_A1
-21		44249437437979659_A0
4		28424
4		87503
-21		38553580659043720_A0
2		27415
2		74336
0		3417_A0
4		24669
0		99690_B0
-21		43110081398574355_A0
2		42445
4		62599
4		30691
0		10567_B0
2		41317
2		61170
-22		43118860311751234
4		59422
-21		41738569491958655_A0
-31		38386
0		49518_B2
-31		17939
-31		9709
2		85670
-31		56300
4		49077
-31		85555
-31		45558
-31		37223
0		6810_A1
-31		82634
0		2260_A0
2		34715
2		29789
-31		44532
-22		42059377779169830
-21		38545196882855512_A0
4		87447
-22		42261825357637212
0		95452_A0
-31		30158
4		68763
-22		43105945345090138
-31		50598
-22		42661222956426360
2		73606
-31		66654
-22		41033924272478745
2		41556
0		2446_A1
4		5059
-31		53172
-22		41215219137017017
-21		41724555013668245_A0
4		22403
-21		40691160112451170_B2
4		40592
-21		41733754833601090_A0
-31		10655
-31		2123
-21		39626549388921662_A0
-31		87238
4		75983
4		89721
4		17522
4		87449
-21		41183475033724904_A0
0		16114_B1
0		66436_A2
4		61299
-21		42191435138620886_A0
-31		15264
4		74849
-21		44285055601755754_A0
4		7359
-22		41205881878109473
0		10210_B2
-22		44768707573999704
-21		42687731494559547_A0
4		41268
-22		41232390416263152
-21		41698845339424788_A0
-31		8204
-31		57175
2		51495
2		2447
4		72801
0		21453_B2
-31		57517
2		57115
0		16656_B1
4		80243
4		87623
-31		67049
-31		69026
-31		35629
-31		27095
4		8440
-31		39406
4		84815
-31		10697
0		25341_B1
-31		72792
-22		41236779872842187
-31		39797
-31		36934
4		57962
-21		43140717400320403_A0
-21		43255487516383750_A0
-21		41697904741604040_A0
2		51303
4		11367
-21		42828885594741686_A0
4		82852
0		19830_B2
4		48479
4		29224
2		62361
-22		43721139280711244
-22		42059644067144531
0		15058_B2
4		8724
2		83763
0		17124_B3
-31		51752
4		75149
4		68509
4		24303
2		72104
2		14126
4		43907
-31		57279
4		59578
-31		26249
-21		39596445963124934_A0
4		76241
4		68521
4		24101
-21		41188534505198903_A1
2		64537
4		84053
-31		17358
2		71619
4		33968
4		64684
-21		42244340545769586_A0
4		74154
0		50198_B3
-21		43127394411760262_A0
2		81728
-21		41209996456758434_A0
-21		41175202926713606_A0
2		28493
-31		32834
-31		17109
4		64332
4		87245
0		7837_A0
0		25211_A3
4		49033
4		55381
2		62305
-22		42195700041150267
-21		42661626683331226_A0
2		79955
2		19075
2		52532
-22		42186345602379125
-31		12026
4		1503
2		75924
0		23149_B0
4		83387
-22		43765514882799390
4		76761
4		26897
0		67164_A2
-31		56653
2		52890
4		80765
-31		59270
0		14526_B0
-22		41610081250340162
4		58184
0		9969_B1
0		5454_A2
-21		44191850516456790_A0
4		47349
0		69329_B1
0		24205_A1
2		78970
-31		77676
-31		77588
4		61640
2		73924
-31		20480
-21		41214248474405068_A0
2		69634
0		9527_A3
0		5332_A1
2		11606
-21		43149522083255480_A0
2		40162
4		89695
-21		43726095672958340_A0
2		59666
0		10633_A3
-31		6647
-31		17818
4		9870
4		49979
2		72626
-31		83493
0		99576_A2
2		36131
-21		42657224341860286_A0
-21		69634987669875600_A0
-31		42730
-31		44739
-31		64290
4		43279
4		67751
4		305
2		48994
-21		43224013996037143_A0
0		88039_A3
2		35852
4		14728
2		80716
2		50217
-21		40163119653210736_A0
2		70994
4		69519
4		61549
-21		44302518938765265_A0
-22		43704229994462300
-31		85921
0		4710_A1
-31		70739
4		78209
4		46588
2		57665
-22		40581878964569180
2		8196
2		39517
4		69052
0		84224_B2
0		10550_B0
-31		36289
-21		41584371576079852_A0
4		610
-21		41645952817177304_A3
-31		77356
4		88473
-21		40669315908770089_A0
-22		44182947049264477
-31		56966
4		10707
-31		68362
4		50045
2		52766
2		77771
4		39136
-31		42633
-22		41597570010603914
4		37621
-21		41566379958077936_A0
2		22484
-21		41615424189641316_A0
2		79697
-21		42656687470957565_A0
-21		70422495693394252_A0
2		6088
2		32193
2		21227
0		18433_B3
2		30179
-21		40638525288224081_A0
-31		46505
-21		45265669649860446_A0
-31		7400
2		1376
2		55842
-31		77098
2		89449
4		59923
2		15534
2		8454
-21		40638791576192684_A0
-31		5276
-21		43260181915639054_A0
2		39586
2		42653
0		9378_B0
4		83416
-21		70422074786580220_A0
-21		40136864518116492_A0
0		96033_B3
2		80342
-22		42675215959876207
0		17494_A3
0		24205_B1
2		89016
-22		42274306532597769
4		57831
0		18548_B0
4		68444
2		78904
-22		43695025879542251
0		9967_A0
-21		43738709991884388_A0
4		46223
4		43967
4		89693
2		74992
2		72565
2		62888
-22		42661884381392412
4		46948
4		21869
-21		44772809267740959_A1
-22		42718234352311231
2		8649
4		29972
4		79638
-22		43765398918678752
4		57196
-21		43725816500085141_A0
2		19317
-21		39618178497667725_A0
4		78651
-21		41751493048537154_A3
2		22442
-22		43695176203395351
2		83696
-31		3945
-31		83539
4		20896
-31		33956
-31		8339
-21		37476188112837661_A0
2		12533
-31		86735
-22		42709846281181033
-22		42688276955423559
-21		41693626954158382_A0
4		43349
2		31142
-22		41017010691275920
-22		43765656616727492
-22		42195158875269511
0		9928_B1
4		61989
4		56726
0		100449_B3
-31		8713
-22		41030475413741695
-22		41214527647289040
4		51402
-21		70373691980007879_A0
-22		40990231570177691
-21		69617799210760078_A0
-22		42270346572756016
-22		42058935397540235
0		9284_B0
-21		41641417331711701_A0
2		32308
-22		41649938546846055
2		74136
4		56560
2		18491
4		24249
-31		49797
2		59466
2		44590
-31		44800
-31		45380
2		87244
4		29227
-21		42217428280694791_A0
2		43554
2		75486
-21		38549302871589692_A1
-31		39077
4		79685
-31		48238
-21		70343485475011781_A0
0		19496_A0
-21		45858735913962518_A0
4		11697
-31		47499
-31		60214
-31		25543
0		95767_B0
4		7894
2		74789
-21		41157473301712653_A0
4		43884
2		88486
-21		42815412282330984_A0
2		57133
0		68643_A3
4		18651
-21		43268140490049506_A0
2		83940
2		67712
-21		44288478690674205_A0
4		61583
-22		42068418685326520
-22		43374501060169298
4		63651
4		23386
0		18950_B3
-31		40493
-21		40608151279503110_B1
-22		42032701737295086
2		19337
4		1208
-31		74131
2		31104
4		39995
-21		40660236347905276_A1
-21		42705177651709607_A0
2		71220
-21		41223877791080526_A0
2		23171
2		33383
4		34569
4		75981
-21		41632208921822111_A0
2		87312
-21		43698998724264388_A0
-22		42635354368413293
4		55831
0		101057_B0
4		25521
2		67030
-31		25548
4		17616
2		50952
4		16590
2		63670
4		42133
-21		70399951410040089_A0
2		9188
-31		77694
4		76251
4		46628
-21		42287792729913915_A3
4		11945
2		2093
-22		41227704606944816
2		87204
-31		80413
2		12575
2		66489
-31		63622
0		83976_B3
-21		37498461813231056_A0
2		62094
2		35676
-31		18842
4		81737
-31		38779
4		7152
-22		41571173141602197
4		50378
-21		44222787165905719_A0
2		14186
-21		36430011388942292_A1
2		80885
-31		48008
2		30536
4		28566
-22		42177824387261575
2		88173
2		4653
2		56103
-22		41606086930751015
4		13116
-31		50711
-31		61274
2		27119
-31		59307
4		83023
-31		50664
-31		48225
0		5523_B1
4		81412
-21		42719329568969971_A1
2		89256
0		17225_A2
2		75480
2		71505
2		64912
2		1158
